5524792549
1719279053
5165310344
7114430332
8047609751
1309211508
7402462492
8123426786
5027378463
1904220012
6391425176
7386927331
6021722146
6857398505
5021592934
1694069411
5465300931
1825587135
5325408509
6781641129
5877772903
1851376623
8146348091
6367574176
1581758308
8282283493
5808823269
7818774713
8254628184
1688266347
6668016777
5229155215
5785195989
7134066001
7602944086
8260955937
5210684382
1741525585
6408806475
5547601847
1025515662
5269141457
5014060595
1636535421
1692561778
7684188062
5858810328
1917297518
6556849015
1737126407
5539472969
1561704729
7525735558
7756077529
5074846550
6905104134
1732382589
1261282419
7828708106
5532468143
1776855887
5115097820
6821781260
5283405216
5437109364
5976462527
5704530577
6785723598
1987245611
5254152900
6309420245
5785195989
5547601847
8146348091
8146348091
5532468143
5325408509
1917297518
5524792549
5524792549
5524792549
7114430332
7114430332
7402462492
5845118527
1025515662
7114430332
5524792549
5704530577
6905104134
5277835513
7386927331
6849280442
6392944177
8401962300
5210684382
6241885881
1565798848
5524792549
6873668221
1999884885
5524792549
6555835873
8282283493
6074411355
6785723598
5283405216
5539472969
8472807009
